[[162, 817, 812], [425, 690, 689], [431, 825, 988], [346, 949, 466], [592, 479, 940]]
[[906, 360, 560], [805, 96, 715], [739, 650, 466], [862, 61, 35], [984, 92, 344]]
[[52, 470, 668], [117, 168, 530]]
[[819, 987, 18], [941, 993, 340]]
result1=50

[[162, 817, 812], [425, 690, 689], [431, 825, 988], [346, 949, 466], [592, 479, 940]]
[[906, 360, 560], [805, 96, 715], [739, 650, 466], [984, 92, 344]]
[[862, 61, 35], [984, 92, 344]]
[[52, 470, 668], [117, 168, 530]]
[[819, 987, 18], [941, 993, 340]]
result1 = 40